1.609141782	0.514261515	0.583333333	-0.238750598	0.261760753
0.530424081	0.164948491	0.666666667	-0.178064363	0.284404762
0.769643102	0.205803736	0.708333333	-0.057821497	0.264285714
-0.234088606	0.205381054	0.74	-0.096135831	0.263551913
0.593808045	0.438686984	0.75	0.315217391	0.250300546
0.684372519	0.174937359	0.75	0.589385475	0.222420635
1.761384842	0.133911697	0.875	0.415604344	0.201158854
0.234768702	0.805497937	0.854166667	0.508836004	0.18045082
1.662317322	0.316939211	0.875	0.1341946	0.162827869
0.683679563	0.229871948	0.875	-0.365870787	0.162304688
1.122804105	0.395291397	0.8125	0.060145951	0.157239583
-0.134822577	0.456361317	0.958333333	0.430362117	0.158852459
1.975647198	0.499603628	1	0.975344037	0.145724044
0.850174292	0.457666703	1.0325	0.993036212	0.152619048
1.865991795	0.388218903	1.021666667	0.095469639	0.160195313
1.945933668	0.682749308	1.074166667	0.110795455	0.122568306
2.133117564	0.644876596	1.156666667	0.52673546	0.098174603
0.06424184	0.811285114	1.24	0.544935806	0.176984127
0.556612326	0.962755645	1.333333333	0.105027377	0.180143229
0.519972474	0.834874198	1.375	-0.109473175	0.284666667
0.549754459	0.414837758	1.104166667	-1.088131194	0.325081967
-0.314776651	0.509452771	0.969166667	-0.902353227	0.287890625
0.451182259	0.952920517	0.958333333	-1.142661008	0.270753968
0.295680041	1.106497405	1.094166667	-0.770126091	0.270382514
1.632901075	1.099570734	1.229166667	-0.266939252	0.304758065
1.316991076	1.051718721	1.49	-0.371194101	0.319301075
0.366382037	0.974771045	1.4375	0.692226397	0.351184896
-0.083944436	1.402009954	1.333333333	0.807594645	0.314731183
1.106802803	1.026365445	1.635833333	2.077708907	0.301420765
-0.10636923	1.265870863	2.073333333	2.110013941	0.307420635
0.230824804	1.394953238	2.25	1.458681751	0.264960317
-0.971370111	1.280500915	1.9375	1.43355041	0.265710383
-0.664923964	1.395976769	2.115	0.427007299	0.345375
-0.392359348	1.386026808	1.844166667	-0.496323529	0.316666667
0.349764167	0.816971611	1.520833333	-1.03125	0.488007813
-1.66423231	1.31520756	1.219166667	-1.560014038	0.607650273
2.125331031	1.503923163	0.99	-1.035730138	0.632622951
-0.031564126	1.305350862	1.156666667	-2.121597501	0.588769841
0.267425333	1.013811321	1.385833333	-1.998446516	0.554466146
-0.331155423	0.830565947	1.031666667	-1.572151899	0.631325137
0.6943222	1.508570567	0.865	-0.802857143	0.550277778
1.718198072	0.620855881	1.13	-1.592848436	0.520598958
0.409160853	0.953513258	1.209166667	-0.25122399	0.470714286
1.185180025	1.264281543	1.2975	-1.605780811	0.405125
1.930082859	1.146073475	1.781666667	0.370699765	0.341424731
0.566378001	1.525442967	2.053333333	0.07996864	0.321309524
-1.045636471	1.931094491	2.771666667	1.333813246	0.311984127
0.439800184	1.972187581	2.565	1.433306709	0.420083333
-1.375583853	1.869285198	2.344166667	1.165116739	0.372021858
-0.272161354	2.335058829	2.995833333	1.89729074	0.380357143
-1.448251875	2.887585286	2.8975	0.916531605	0.462539063
-0.888291027	2.897927024	1.916666667	-0.398015873	0.724057377
-1.709725658	2.247675955	1.518333333	-2.755509899	0.775625
0.237864269	1.47650714	1.519166667	-7.274153738	0.64453125
1.128586412	1.751487533	1.548333333	-3.778795812	0.572942708
0.845439065	1.659200565	1.359166667	-3.456729312	0.629180328
1.746460215	1.05111692	1.233333333	-2.293125534	0.625658602
0.282879394	1.001731598	1.373333333	-1.530816327	0.530912698
0.065318784	1.28331406	1.328333333	-1.696755625	0.471953125
0.276393765	1.778117312	1.156666667	-1.903309009	0.508784153
0.73801009	1.597271169	1.175	-0.870652174	0.437420635
1.457366064	1.400366135	1.3525	-0.746287129	0.40765873
1.300662268	1.208319926	1.529166667	-0.966780741	0.367777778
-0.443691494	2.137684043	1.640833333	-0.870330783	0.336541667
-0.111318579	1.445208118	1.715833333	-0.879226793	0.297240437
3.359461466	1.894076931	1.890833333	0.388479607	0.286111111
0.545302936	1.681464211	2.108333333	0.580967122	0.253650794
0.868739212	2.02681807	2.510833333	1.136961094	0.242896175
-0.268271696	1.8051518	2.573333333	1.531231351	0.262795699
-0.316585367	2.421579118	2.606666667	1.683158848	0.319583333
0.285745442	2.160490335	2.855	1.390935266	0.324563492
-0.266720868	1.839736514	3.629166667	1.567538681	0.344699454
-0.111704184	2.079097576	4.131666667	0.867016066	0.381048387
-2.473233993	2.351053514	3.011666667	-0.307956231	0.719761905
-0.532873974	2.210388133	2.821666667	-0.573103386	0.556236979
1.501131128	2.572191583	4.5275	0.576017521	0.566106557
1.594050799	2.598953939	3.950833333	1.320581155	0.574002732
-1.073122685	1.963115358	4.593333333	1.435182063	0.507380952
0.852685074	1.863233411	4.239166667	1.723350254	0.409557292
-1.43396434	1.713435904	3.334166667	0.442474326	0.641653005
-1.862045376	1.367363976	3.729166667	-0.151114312	0.691325137
0.149924412	1.291538481	3.603333333	-0.498727273	0.709484127
-0.674125051	1.408559998	2.850833333	-1.543528344	0.784375
-0.262247312	1.029548013	2.461666667	-2.130379669	0.931639344
1.044667585	0.751366252	2.325	-2.295470283	0.819365079
1.988142434	0.741821152	2.32	-1.449706074	0.675
1.697172685	1.056696463	2.475	-2.013715777	0.472565104
1.777774984	0.755746955	2.390833333	-1.430420957	0.479375
1.520654397	1.007162581	2.42	-0.769505441	0.447204301
1.460349852	0.850939063	2.713333333	-0.799683028	0.371507937
0.692941917	0.885195869	2.891666667	-0.719331369	0.459206349
0.513667696	0.744809034	2.304166667	-0.982382335	0.461502732
0.744416597	0.983910254	2.170833333	-0.086009359	0.451708333
0.637774029	0.642021244	2.014166667	-1.11319257	0.549126984
1.253395024	0.601373233	2.104166667	-0.643022216	0.533611111
0.4452872	0.557795063	2.506666667	-0.67321699	0.552634409
0.435396016	0.496836867	2.008333333	-0.523520919	0.612416667
0.174849747	0.377321468	1.800833333	-0.710684349	0.668841146
0.666754294	0.410006149	1.585	-0.986265244	0.718632813
0.243640783	0.542288061	2.1925	-0.28400937	0.707325269
0.392469422	0.633408993	1.544166667	-0.312836985	0.616147541
0.783978353	0.691090197	1.735	0.427091903	0.503492063
0.597445582	0.752800221	1.84	0.327226738	0.509244792
1.455587275	0.794014271	1.725	0.30877626	0.562741935
0.24380982	0.780876057	1.690833333	0.462776216	0.585591398
1.075067117	0.969301854	1.894166667	0.566289141	0.516785714
0.340316532	1.187616137	2.043333333	0.801964355	0.492434896
1.101066944	0.860260028	2.160833333	0.734533064	0.389071038
0.730281035	1.038172191	2.4	1.139297909	0.357923497
0.543239504	1.058576218	2.494166667	0.984718343	0.402174479
0.510420005	0.728223802	2.258333333	0.857447759	0.444801587
-0.025742215	0.710065983	2.121666667	0.868953651	0.47655914
0.287141939	1.072477997	1.974854846	0.530001432	0.418198925
0.152712505	1.113148733	1.964802337	0.55683064	0.408968254
-0.164823837	0.854169243	1.882968914	0.679384992	0.428849206
-1.185131623	0.741459517	1.773946704	0.328162186	0.547674731
-0.682022767	0.974502511	1.52108159	0.855539577	0.545125
0.574180686	0.73194214	1.386044406	0.276033296	0.448632813
0.260315758	0.778107602	1.306677987	-0.110246899	0.433333333
0.071622592	0.591673047	1.079366992	-0.032815101	0.51375
0.969067252	0.371024497	0.888287269	-0.392334424	0.474099462
0.853708384	0.599435248	0.831195254	-0.425244211	0.438492063
0.71463973	0.487653544	0.752653835	-0.529218193	0.521145833
0.731876797	0.685814947	0.724085811	-0.497574142	0.532419355
-0.086915591	0.559641293	0.717646085	-0.378931598	0.536284153
0.34999807	0.592936178	0.762525054	-0.095987159	0.53797619
0.213227434	0.592336227	0.767071821	-0.15892249	0.502005208
1.067406325	0.544228851	0.781125229	0.066862793	0.484341398
0.728696852	0.476827422	0.84679389	0.299017364	0.439086022
1.123981413	0.481694434	1.09845187	0.582492144	0.376787634
0.314512951	0.5715845	1.210094679	0.435707283	0.378007813
0.859529186	0.54154692	1.52962387	0.545412859	0.342363388
0.210981569	0.541435067	1.525765975	0.620084643	0.351344086
0.090078523	0.478516675	1.449934498	0.777990716	0.408293651
0.58911441	0.491517799	1.381176171	0.962853062	0.431031746
0.403243147	0.48082012	1.35391888	0.952654906	0.435362903
0.533519795	0.479895013	1.268719817	0.855184051	0.449879032
1.402611667	0.413232238	1.300333022	1.227098238	0.395651042
0.608328554	0.32690272	1.329843713	1.360835622	0.379348958
0.73167183	0.532513805	1.302865208	1.671030238	0.39061828
0.178691916	0.594526436	1.332651844	1.75091111	0.37575
1.430916704	0.20233365	1.344778141	2.1091914	0.371744792
0.98164736	0.432965138	1.356484181	2.128042067	0.378619792
0.575519345	0.32817877	1.355107012	2.10046191	0.382594086
0.768647579	0.146995964	1.344580496	2.452177175	0.415587432
0.673473381	0.234745023	1.336470237	2.655863585	0.415079365
0.962891612	0.429382045	1.267428708	2.80049198	0.479830729
1.304739222	0.274210492	1.180161181	2.680503136	0.647016129
0.561796666	0.31962412	1.194553291	2.845047296	0.600628415
0.563548633	0.377738888	1.201016112	3.086466939	0.5496875
1.019944624	0.355375255	1.274385641	3.182115652	0.554257813
1.333705483	0.550886464	1.394205892	3.181804295	0.523790323
-1.029004812	0.661738499	1.480369983	4.150697469	0.465396825
1.494259185	0.621408286	1.603876792	3.957365079	0.602103175
-0.21759691	0.584354838	1.609834123	4.160759369	0.607539683
0.290604779	0.541571623	1.589283043	4.128361899	0.660672043
-0.576536721	0.653613656	1.174998735	3.874938231	0.708951613
0.323416073	0.602946057	0.860715076	3.583264654	0.690119048
-0.720236944	0.392037025	0.670960976	1.551506409	0.738565574
-0.043087546	0.310782135	0.281886516	2.167890664	0.79030914
0.570021441	0.322241786	0.276466009	0.321355167	0.719375
0.364710242	0.345967472	0.256202444	0.032758097	0.729309896
0.097545373	0.480381276	0.346783632	-0.111991462	0.838580729
-0.179818283	0.572447973	0.309296504	-0.51549676	0.898790323
-0.197799655	0.497303738	0.269271138	-0.781105744	0.8
0.587207438	0.344339131	0.282663919	-1.306303191	0.713174603
1.318707508	0.566848251	0.210676696	-1.807659084	0.644752604
0.80367039	0.614082434	0.203994004	-1.225388601	0.594543011
0.53563005	0.704544155	0.200621279	-1.417361111	0.565833333
0.498295136	0.800175226	0.271818697	-1.116564751	0.51655914
0.620210645	0.640026701	0.415946737	-0.903154528	0.537148438
0.6877581	0.770125879	0.580736334	-0.905779123	0.502715054
0.829220911	0.793161866	0.706751159	-0.447556448	0.415765027
0.202443888	0.724928982	0.794960823	-0.272731204	0.453684896
0.451573463	0.905376678	0.945497515	-0.597578612	0.441210938
0.225050572	0.805857279	1.074071524	0.030394331	0.462117486
1.091094629	0.70193883	1.158729773	0.185086954	0.432392473
-0.048090364	0.882773897	1.26998898	0.310550979	0.415992063
-0.170616321	0.695354574	1.298621987	0.527832067	0.424960317
0.522473667	0.373358731	1.287414113	0.917043661	0.41233871
-0.117066804	0.954024062	1.287670844	0.531176624	0.404408602
0.358570056	0.666336327	1.277220589	0.474688554	0.411809896
0.286957026	0.517839613	1.162497092	0.218472366	0.472896825
0.295544272	0.423065164	0.973247089	0.054953473	0.560846774
-0.352928171	0.350836269	0.555687553	-0.465815026	0.771188525
0.311725696	0.505898781	0.48523938	-2.334634186	0.777109375
-0.827298961	0.751445564	0.507474736	-1.648780252	0.836119792
-2.51281156	0.236960696	0.325744053	-2.701486828	1.401330645
-1.209048949	-0.049452082	0.186460568	-4.163060284	1.369275956
-0.402334608	-0.174856525	0.054566769	-4.466083608	1.165634921
0.09303794	0.107478172	-0.067180532	-4.105908273	0.785546875
0.788509298	0.329091197	-0.103250334	-4.003857418	0.715658602
0.390626187	0.271498597	-0.122394803	-4.075435163	0.642199454
0.748108371	0.486639292	-0.124284669	-3.735269961	0.671041667
0.518759357	0.301653078	-0.17365983	-3.22953428	0.748033854
0.263584241	0.584070257	-0.236332555	-2.985540709	0.758736559
-0.299937539	0.51495541	-0.257833046	-2.827900935	0.658145161
0.480982389	0.658358535	-0.277381585	-2.991306811	0.662142857
-0.270410747	0.616532291	-0.330988138	-2.734749118	0.762278646
0.881928412	0.120622997	-0.365602042	-2.549317053	0.801653005
-0.015342167	0.604969855	-0.354796892	-2.10392058	0.79
0.235732956	0.401958074	-0.300859324	-1.965316164	0.816888021
-0.070821372	0.51714854	-0.316492288	-1.871539907	0.808015873
-0.137596002	0.5055542	-0.349310191	-1.698636385	0.716571038
0.593702069	0.399249585	-0.351724696	-1.061654975	0.71475
-0.078439635	0.283360427	-0.313517966	-0.420297603	0.712604167
0.54519718	0.470163259	-0.415918639	-0.845428214	0.674192708
0.463649395	0.595830958	-0.498690076	-0.379624529	0.65311828
-0.561853462	0.415659349	-0.628566265	-0.443455553	0.587814208
1.057624336	0.56474066	-0.730500837	-0.482647864	0.549761905
0.912895142	0.435659141	-0.711199828	-0.575201452	0.560117188
0.202512493	0.166244687	-0.665900143	-0.539434218	0.616008065
0.385783102	-0.035531996	-0.504237323	-0.468669921	0.632786885
0.354117356	0.540257073	-0.369218189	-0.119375706	0.667239583
0.068665305	0.297616428	-0.245909627	-0.451023205	0.755052083
-0.10884084	-0.009525261	-0.023338399	-0.371962694	0.807379032
0.254448577	-0.080048033	0.119530112	-0.557382043	0.848101093
0.065150883	0.703937244	0.109165928	-0.469738899	0.729127604
0.333231334	0.27698361	0.119204642	-0.575016879	0.673072917
0.227851787	0.52538536	0.114511391	-0.596763983	0.625327869
0.584011182	0.503954006	0.117186995	-0.587849535	0.553346774
0.351968396	0.320904778	0.24429613	-0.627282053	0.558928571
0.486924406	0.496117559	0.274208783	-0.695687495	0.52297619
0.707341013	0.708309168	0.320717405	1.338479357	0.474637097
0.37226283	0.542374833	0.38265209	-0.937491927	0.427868852
0.628241971	0.886586367	0.447025714	-0.910147683	0.464010417
0.244201099	0.328758487	0.507900305	-0.808777537	0.472380952
-0.02404792	0.521257245	0.602783321	-0.900973394	0.524713115
0.717466566	0.304460716	0.612739811	-0.92422075	0.579262295
0.606590051	0.570495051	0.584076531	-0.921679709	0.564444444
0.464189956	0.324922727	0.51257111	-1.005143672	0.555507813
0.243476121	0.408878815	0.408574243	-1.021942938	0.530349462
-1.163727508	0.325197791	0.311147522	-1.120788971	0.63125
-9.523809667	-0.430583544	0.115084249	-7.981222777	0.804761905
7.081205658	0.907625736	0.049336155	-4.387612001	0.665677083
0.908178025	0.482642061	-0.028525726	-2.46842796	0.608870968
1.582204359	1.054375215	-0.204736479	-5.441161792	0.532691257
1.515491474	1.511195172	-0.468728405	-4.129880046	0.490638021
0.417011701	1.439177921	-0.45799811	-2.557564334	0.477955729
1.510201803	1.725364582	-0.392226229	-1.499079242	0.444153226